Pill Name: Tums 
huMoment0 = 0.6722709833760121 
huMoment1 = 1.808848541788595 
huMoment2 = 3.883345291241285 
huMoment3 = 4.552824203066589 
huMoment4 = 9.082206345261422 
huMoment5 = 2.7934932866825095 
huMoment6 = 2.0575386480039315 
Compactness = 0.19468992014642256 
Hue = 131.6 
Saturation = 124.8 
