huMoment0 = 0.6530040188509184 
huMoment1 = 1.6945237386918806 
huMoment2 = 3.7854793706982868 
huMoment3 = 4.221280385509659 
huMoment4 = 8.27041363824299 
huMoment5 = 5.1307953626382385 
huMoment6 = -8.5853010108776 
Compactness = 0.13676965851688525 
Hue = 174.0 
Saturation = 102.0 
